28814
28815
28816
28817
28818
28819
28820
28821
28822
28823
28824
28825
28826
28827
28828
28833
28834
28835
28836
28837
28838
28839
28840
28841
28842
28843
28844
28845
28846
28847
28848
28853
28854
28855
28856
28857
28858
28859
28860
28861
28862
28863
28864
28870
28871
28872
28873
28874
28875
28876
28877
28878
28884
28885
28886
28887
28888
28896
28906
28908
28912
28914
28916
28925
28928
28929
28931
28935
28941
28944
28946
28949
28951
28952
28957
28959
28960
28964
29063
29064
29065
29067
29068
29069
29070
29071
29072
29073
29074
29075
29076
29077
29078
29079
29080
29090
29091
29092
29093
29094
29095
29096
29097
29098
29099
29100
29110
29111
29112
29113
29114
29115
29116
29126
29127
29128
29256
29257
29258
29259
29260
29261
29262
29263
29264
29265
29266
29267
29268
29269
29270
29271
29279
29280
29281
29282
29283
29284
29285
29286
29287
29288
29289
29290
29291
29298
29299
29300
29301
29302
29303
29304
29305
29306
29307
29314
29315
29316
29317
29318
29319
29320
29321
29328
29329
29330
29338
29351
29352
29353
29354
29355
29356
29357
29358
29359
29360
29361
29362
29363
29364
29365
29370
29371
29372
29373
29374
29375
29376
29377
29378
29379
29380
29381
29382
29383
29384
29385
29390
29391
29392
29393
29394
29395
29396
29397
29398
29399
29400
29401
29402
29406
29407
29408
29409
29410
29411
29412
29413
29414
29415
29416
29420
29421
29422
29423
29424
29425
29426
29427
29430
29431
29432
29433
29434
29435
29465
29538
29539
29540
29541
29542
29543
29544
29545
29546
29547
29548
29549
29550
29551
29552
29553
29554
29555
29556
29557
29558
29559
29560
29561
29562
29563
29564
29565
29566
29567
29568
29569
29570
29571
29572
29573
29574
29575
29576
29577
29578
29579
29580
29581
29582
29583
29584
29585
29586
29587
29588
29589
29590
29591
29592
29593
29594
29595
29596
29597
29598
29599
29600
29601
29602
29603
29604
29605
29606
29607
29608
29609
29610
29611
29612
29613
29614
29615
29616
29617
29618
29619
29620
29621
29622
29623
29624
29625
29626
29627
29628
29629
29630
29631
29632
29633
29634
29635
29637
29649
29650
29651
29652
29653
29654
29670
29671
29672
29673
29674
29688
29689
29690
29703
29704
29714
29731
29733
29734
29735
29736
29737
29738
29739
29740
29741
29742
29755
29756
29757
29758
29759
29760
29761
29776
29777
29778
29823
29843
29844
29845
29846
29862
29863
29864
29865
29866
29878
29879
29880
29881
29882
29883
29891
29892
29893
29894
29895
29896
29897
29901
29902
29903
29904
29905
29906
29907
29908
29909
29910
29911
29912
29913
29914
29915
29916
29917
29918
29919
29920
29921
29922
29923
29924
29925
29926
29927
29928
29929
29930
29931
29932
29933
29934
29935
29936
29937
29938
29939
29940
29941
29942
29943
29944
29945
29946
29947
29948
29949
29950
29951
29952
29953
29954
29955
29956
29957
29958
29959
29960
29961
29962
29963
29964
29965
29966
29967
29968
29969
29970
29971
29972
29973
29974
29975
29976
29977
29978
29979
29980
29981
29982
29983
29984
29985
29986
29987
29988
29989
29990
29991
29992
29993
29994
29995
29996
29997
29998
29999
30000
30001
30002
30003
30004
30005
30006
30007
30008
30009
30010
30011
30012
30016
30018
30019
30021
30022
30035
30036
30037
30038
30039
30040
30041
30042
30043
30044
30045
30055
30056
30057
30058
30059
30060
30061
30062
30063
30064
30071
30072
30073
30074
30075
30076
30077
30078
30079
30085
30086
30087
30088
30089
30095
30096
30097
30103
30104
30107
30108
30129
30149
30203
30204
30205
30207
30208
30209
30210
30211
30212
30213
30214
30215
30216
30217
30218
30219
30220
30221
30222
30223
30224
30230
30231
30232
30233
30234
30235
30236
30237
30238
30239
30240
30241
30242
30243
30244
30250
30251
30252
30253
30254
30255
30256
30257
30258
30259
30260
30266
30267
30268
30269
30270
30271
30272
30273
30274
30278
30279
30280
30281
30282
30283
30284
30287
30288
30289
30290
30291
30292
30293
30294
30295
30296
30387
30391
30392
30393
30394
30395
30396
30397
30398
30399
30400
30401
30402
30403
30404
30405
30406
30407
30408
30409
30410
30411
30412
30413
30414
30415
30416
30417
30418
30419
30420
30421
30422
30423
30424
30425
30426
30427
30428
30429
30430
30431
30432
30433
30434
30435
30436
30437
30438
30439
30440
30441
30442
30443
30444
30445
30446
30447
30448
30449
30450
30451
30452
30453
30454
30455
30456
30457
30458
30459
30460
30461
30462
30463
30464
30465
30466
30467
30468
30469
30470
30471
30472
30473
30474
30475
30476
30477
30478
30479
30480
30481
30482
30483
30484
30485
30486
30487
30583
30584
30585
30586
30587
30588
30597
30598
30599
30600
30601
30602
30603
30604
30605
30606
30607
30608
30609
30610
30611
30612
30616
30617
30618
30619
30620
30621
30622
30623
30624
30625
30626
30627
30628
30629
30630
30631
30632
30633
30634
30635
30636
30637
30638
30639
30640
30641
30642
30643
30644
30645
30646
30647
30648
30649
30650
30651
30652
30653
30654
30655
30656
30657
30658
30659
30660
30661
30662
30663
30664
30665
30666
30667
30668
30669
30670
30671
30672
30673
30674
30675
30676
30677
30678
30679
30680
30682
30685
30686
30687
30688
30689
30690
30691
30692
30693
30694
30695
30696
30697
30698
30699
30709
30710
30711
30712
30713
30714
30715
30716
30717
30718
30719
30728
30729
30730
30731
30733
30734
30868
30869
30870
30872
30875
30876
30877
30878
30879
30880
30881
30882
30883
30884
30885
30886
30887
30888
30889
30898
30899
30900
30901
30902
30903
30904
30905
30906
30907
30908
30909
30917
30918
30919
30920
30921
30922
30923
30924
30925
30963
30964
30965
30967
30970
30973
30975
30976
30977
30978
30979
30980
30981
30982
30983
30984
30995
30996
30997
30998
30999
31000
31001
31002
31003
31004
31012
31013
31014
31015
31016
31017
31018
31019
31020
31026
31027
31028
31029
31030
31031
31032
31033
31034
31037
31038
31039
31040
31041
31042
31043
31044
31045
31046
31047
31048
31049
31050
31051
31052
31053
31054
31055
31056
31057
31153
31154
31155
31157
31159
31160
31161
31162
31163
31164
31165
31166
31167
31168
31169
31170
31171
31172
31173
31174
31181
31182
31183
31184
31185
31186
31187
31188
31189
31190
31191
31192
31193
31194
31200
31201
31202
31203
31204
31205
31206
31207
31208
31209
31210
31216
31217
31218
31219
31220
31221
31222
31223
31224
31229
31230
31231
31232
31233
31234
31533
31534
31535
31536
31537
31538
31539
31540
31541
31542
31543
31544
31545
31546
31547
31548
31549
31550
31551
31552
31553
31554
31555
31556
31557
31558
31559
31560
31561
31562
31563
31564
31565
31566
31567
31568
31569
31570
31571
31572
31573
31574
31575
31576
31577
31578
31579
31580
31581
31582
31583
31584
31585
31586
31587
31588
31589
31590
31591
31592
31593
31594
31595
31596
31597
31598
31599
31600
31601
31602
31603
31604
31605
31606
31607
31608
31609
31610
31611
31612
31613
31614
31615
31616
31617
31618
31619
31620
31621
31622
31623
31624
31625
31626
31627
31723
31724
31725
31726
31727
31728
31729
31730
31731
31732
31733
31734
31735
31736
31737
31738
31739
31740
31741
31742
31743
31744
31745
31746
31747
31748
31749
31750
31751
31752
31753
31754
31755
31756
31757
31758
31759
31760
31761
31762
31763
31764
31765
31766
31767
31768
31769
31770
31771
31772
31773
31774
31775
31776
31777
31778
31779
31780
31781
31782
31783
31784
31785
31786
31787
31788
31789
31790
31791
31792
31793
31794
31795
31796
31797
31798
31799
31800
31801
31802
31803
31804
31805
31806
31807
31808
31809
31810
31811
31812
31813
31814
31815
31816
31817
31919
31921
31922
31923
31924
31925
31943
31944
32008
32009
32010
32011
32012
32013
32014
32015
32016
32017
32018
32019
32020
32021
32022
32023
32024
32025
32026
32027
32028
32029
32030
32031
32032
32033
32034
32035
32036
32037
32038
32039
32040
32041
32042
32043
32044
32045
32046
32047
32048
32049
32050
32051
32052
32053
32054
32055
32056
32057
32058
32059
32060
32061
32062
32063
32064
32065
32066
32067
32068
32069
32070
32071
32072
32073
32074
32075
32076
32077
32078
32079
32080
32081
32082
32083
32084
32085
32086
32087
32088
32089
32090
32091
32092
32093
32094
32095
32096
32097
32098
32099
32100
32101
32102
32106
32108
32109
32125
32126
32127
32128
32129
32130
32131
32145
32146
32147
32148
32149
32150
32161
32162
32163
32164
32165
32166
32175
32176
32177
32178
32179
32185
32186
32187
32188
32189
32193
32197
32201
32203
32204
32206
32207
32208
32209
32210
32211
32220
32221
32222
32223
32224
32225
32226
32227
32228
32229
32230
32231
32240
32241
32242
32243
32244
32245
32246
32247
32248
32256
32257
32258
32259
32260
32261
32262
32391
32393
32394
32395
32396
32397
32398
32399
32400
32401
32402
32403
32404
32410
32411
32412
32413
32414
32415
32416
32417
32418
32419
32420
32421
32422
32423
32430
32431
32432
32433
32434
32435
32436
32437
32438
32439
32440
32446
32447
32448
32449
32450
32451
32452
32453
32454
32455
32460
32461
32462
32463
32464
32465
32466
32467
32470
32471
32472
32473
32474
32475
32476
32477
32478
32479
32480
32481
32482
32581
32583
32584
32585
32586
32587
32588
32589
32590
32591
32592
32593
32594
32600
32601
32602
32603
32604
32605
32606
32607
32608
32609
32610
32611
32612
32613
32614
32615
32620
32621
32622
32623
32624
32625
32626
32627
32628
32629
32630
32631
32632
32633
32636
32637
32638
32639
32640
32641
32642
32643
32644
32645
32646
32647
32650
32651
32652
32653
32654
32655
32656
32657
32660
32661
32662
32663
32664
32665
32668
32669
32673
32674
32675
32676
32677
32678
32679
32680
32681
32682
32683
32684
32685
32686
32687
32688
32689
32690
32691
32692
32693
32694
32695
32696
32697
32698
32699
32700
32701
32702
32703
32704
32705
32706
32707
32708
32709
32710
32711
32712
32713
32714
32715
32716
32717
32718
32719
32720
32721
32722
32723
32724
32725
32726
32727
32728
32729
32730
32731
32732
32733
32734
32735
32736
32737
32738
32739
32740
32741
32742
32743
32744
32745
32746
32747
32748
32749
32750
32751
32752
32753
32754
32755
32756
32757
32758
32759
32760
32761
32762
32763
32764
32765
32766
32767
33056
33058
33059
33061
33062
33063
33064
33065
33066
33075
33076
33077
33078
33079
33080
33081
33082
33083
33084
33085
33086
33095
33096
33097
33098
33099
33100
33101
33102
33103
33111
33112
33113
33114
33115
33116
33117
33118
33125
33126
33127
33128
33136
33137
34010
34011
34012
34013
34014
34015
34016
34034
34098
34099
34100
34101
34102
34103
34104
34105
34106
34107
34108
34109
34110
34111
34112
34113
34114
34115
34116
34117
34118
34119
34120
34121
34122
34123
34124
34125
34126
34127
34128
34129
34130
34131
34132
34133
34134
34135
34136
34137
34138
34139
34140
34141
34142
34143
34144
34145
34146
34147
34148
34149
34150
34151
34152
34153
34154
34155
34156
34157
34158
34159
34160
34161
34162
34163
34164
34165
34166
34167
34168
34169
34170
34171
34172
34173
34174
34175
34176
34177
34178
34179
34180
34181
34182
34183
34184
34185
34186
34187
34188
34189
34190
34191
34192
34193
34194
34195
34196
34197
34198
34199
34200
34201
34202
34203
34204
34205
34206
34207
34208
34209
34210
34211
34212
34213
34214
34215
34216
34217
34218
34219
34220
34221
34222
34223
34224
34225
34226
34227
34228
34229
34230
34231
34232
34233
34234
34235
34236
34237
34238
34239
34240
34241
34242
34243
34244
34245
34246
34247
34248
34249
34250
34251
34252
34253
34254
34255
34256
34257
34258
34259
34260
34261
34262
34263
34264
34265
34266
34267
34268
34269
34270
34271
34272
34273
34274
34275
34276
34277
34278
34279
34280
34281
34282
34283
34284
34285
34286
34287
34288
34289
34290
34291
34292
34293
34294
34295
34296
34297
34298
34299
34300
34301
34302
34303
34304
34305
34306
34307
34308
34309
34310
34311
34312
34313
34314
34315
34316
34317
34318
34319
34320
34321
34322
34323
34324
34325
34326
34327
34328
34329
34330
34331
34332
34333
34334
34335
34336
34337
34338
34339
34340
34341
34342
34343
34344
34345
34346
34347
34348
34349
34350
34351
34352
34353
34354
34355
34356
34357
34358
34359
34360
34361
34362
34363
34364
34365
34366
34367
34368
34369
34370
34371
34372
34373
34374
34375
34376
34377
34378
34379
34380
34381
34382
34478
34479
34480
34482
34485
34486
34487
34488
34489
34490
34491
34492
34493
34494
34495
34496
34497
34498
34499
34508
34509
34510
34511
34512
34513
34514
34515
34516
34517
34518
34519
34527
34528
34529
34530
34531
34532
34533
34534
34535
34543
34544
34545
34546
34547
34548
34549
34556
34557
34558
34559
34564
34565
34566
34567
34570
34571
34576
34577
34578
34579
34580
34581
34582
34583
34584
34585
34586
34587
34588
34589
34590
34591
34595
34596
34597
34598
34599
34600
34601
34602
34603
34604
34605
34606
34607
34608
34609
34610
34615
34616
34617
34618
34619
34620
34621
34622
34623
34624
34625
34626
34627
34631
34632
34633
34634
34635
34636
34637
34638
34639
34640
34646
34647
34648
34649
34650
34658
34668
34670
34674
34676
34678
34687
34690
34691
34693
34697
34703
34706
34708
34711
34713
34714
34719
34721
34722
34726
34825
34826
34827
34829
34830
34831
34832
34833
34834
34835
34836
34837
34838
34839
34840
34841
34842
34843
34844
34852
34853
34854
34855
34856
34857
34858
34859
34860
34861
34862
34872
34873
34874
34875
34876
34877
34878
34888
34889
34890
35018
35019
35020
35021
35022
35023
35024
35025
35026
35027
35028
35029
35030
35031
35032
35040
35041
35042
35043
35044
35045
35046
35047
35048
35049
35050
35051
35052
35053
35060
35061
35062
35063
35064
35065
35066
35067
35068
35069
35070
35076
35077
35078
35079
35080
35081
35082
35083
35090
35091
35092
35093
35100
35113
35114
35115
35116
35117
35118
35119
35120
35121
35122
35123
35124
35125
35126
35127
35132
35133
35134
35135
35136
35137
35138
35139
35140
35141
35142
35143
35144
35145
35146
35147
35152
35153
35154
35155
35156
35157
35158
35159
35160
35161
35162
35163
35164
35168
35169
35170
35171
35172
35173
35174
35175
35176
35177
35178
35182
35183
35184
35185
35186
35187
35188
35189
35192
35193
35194
35195
35196
35197
35201
35227
35300
35301
35302
35303
35304
35305
35306
35307
35308
35309
35311
35312
35313
35314
35315
35316
35317
35318
35319
35320
35321
35322
35323
35324
35325
35326
35327
35328
35329
35330
35331
35332
35333
35334
35335
35336
35337
35338
35339
35340
35341
35342
35343
35344
35345
35346
35347
35348
35349
35350
35351
35352
35353
35354
35355
35356
35357
35358
35359
35360
35361
35362
35363
35364
35365
35366
35367
35368
35369
35370
35371
35372
35373
35374
35375
35376
35377
35378
35379
35380
35381
35382
35383
35384
35385
35386
35387
35388
35389
35390
35391
35392
35393
35394
35395
35396
35397
35399
35411
35412
35413
35414
35415
35416
35431
35432
35433
35434
35435
35436
35449
35450
35451
35452
35464
35465
35466
35476
35493
35495
35496
35497
35498
35499
35500
35501
35502
35503
35504
35517
35518
35519
35520
35521
35522
35523
35538
35539
35540
35585
35605
35606
35607
35608
35624
35625
35626
35627
35628
35640
35641
35642
35643
35644
35645
35653
35654
35655
35656
35657
35658
35659
35663
35664
35665
35666
35667
35668
35669
35670
35671
35672
35673
35674
35675
35676
35677
35678
35679
35680
35681
35682
35683
35684
35685
35686
35687
35688
35689
35690
35691
35692
35693
35694
35695
35696
35697
35698
35699
35700
35701
35702
35703
35704
35705
35706
35707
35708
35709
35710
35711
35712
35713
35714
35715
35716
35717
35718
35719
35720
35721
35722
35723
35724
35725
35726
35727
35728
35729
35730
35731
35732
35733
35734
35735
35736
35737
35738
35739
35740
35741
35742
35743
35744
35745
35746
35747
35748
35749
35750
35751
35752
35753
35754
35755
35756
35757
35758
35759
35760
35761
35762
35763
35764
35765
35766
35767
35768
35769
35770
35771
35772
35773
35774
35778
35780
35781
35783
35784
35797
35798
35799
35800
35801
35802
35803
35804
35805
35806
35817
35818
35819
35820
35821
35822
35823
35824
35825
35833
35834
35835
35836
35837
35838
35839
35840
35847
35848
35849
35850
35851
35857
35858
35859
35861
35870
35891
35911
35965
35966
35967
35969
35970
35971
35972
35973
35974
35975
35976
35977
35978
35979
35980
35981
35982
35983
35984
35985
35986
35992
35993
35994
35995
35996
35997
35998
35999
36000
36001
36002
36003
36004
36005
36006
36012
36013
36014
36015
36016
36017
36018
36019
36020
36021
36022
36028
36029
36030
36031
36032
36033
36034
36035
36036
36040
36041
36042
36043
36044
36045
36046
36049
36050
36051
36052
36053
36054
36055
36056
36057
36058
36149
36153
36154
36155
36156
36157
36158
36159
36160
36161
36162
36163
36164
36165
36166
36167
36168
36169
36170
36171
36172
36173
36174
36175
36176
36177
36178
36179
36180
36181
36182
36183
36184
36185
36186
36187
36188
36189
36190
36191
36192
36193
36194
36195
36196
36197
36198
36199
36200
36201
36202
36203
36204
36205
36206
36207
36208
36209
36210
36211
36212
36213
36214
36215
36216
36217
36218
36219
36220
36221
36222
36223
36224
36225
36226
36227
36228
36229
36230
36231
36232
36233
36234
36235
36236
36237
36238
36239
36240
36241
36242
36243
36244
36245
36246
36247
36248
36249
36345
36346
36347
36348
36349
36350
36351
36352
36358
36359
36360
36361
36362
36363
36364
36365
36366
36367
36368
36369
36370
36371
36372
36373
36374
36377
36378
36379
36380
36381
36382
36383
36384
36385
36386
36387
36388
36389
36390
36391
36392
36393
36394
36395
36396
36397
36398
36399
36400
36401
36402
36403
36404
36405
36406
36407
36408
36409
36410
36411
36412
36413
36414
36415
36416
36417
36418
36419
36420
36421
36422
36423
36424
36425
36426
36427
36428
36429
36430
36431
36432
36433
36434
36435
36436
36437
36438
36439
36440
36441
36442
36444
36447
36448
36449
36450
36451
36452
36453
36454
36455
36456
36457
36458
36459
36460
36461
36471
36472
36473
36474
36475
36476
36477
36478
36479
36480
36481
36492
36493
36495
36496
36630
36631
36632
36634
36637
36638
36639
36640
36641
36642
36643
36644
36645
36646
36647
36648
36649
36650
36651
36660
36661
36662
36663
36664
36665
36666
36667
36668
36669
36670
36671
36679
36680
36681
36682
36683
36684
36685
36686
36687
36725
36726
36727
36729
36732
36737
36738
36739
36740
36741
36742
36743
36744
36745
36746
36757
36758
36759
36760
36761
36762
36763
36764
36765
36766
36775
36776
36777
36778
36779
36780
36781
36782
36789
36790
36791
36792
36793
36794
36795
36796
36800
36801
36802
36803
36804
36805
36806
36808
36809
36810
36811
36812
36813
36814
36815
36816
36817
36818
36819
36915
36916
36917
36919
36921
36922
36923
36924
36925
36926
36927
36928
36929
36930
36931
36932
36933
36934
36935
36936
36943
36944
36945
36946
36947
36948
36949
36950
36951
36952
36953
36954
36955
36956
36962
36963
36964
36965
36966
36967
36968
36969
36970
36971
36972
36978
36979
36980
36981
36982
36983
36984
36985
36986
36991
36992
36993
36994
36995
36996
37295
37296
37297
37298
37299
37300
37301
37302
37303
37304
37305
37306
37307
37308
37309
37310
37311
37312
37313
37314
37315
37316
37317
37318
37319
37320
37321
37322
37323
37324
37325
37326
37327
37328
37329
37330
37331
37332
37333
37334
37335
37336
37337
37338
37339
37340
37341
37342
37343
37344
37345
37346
37347
37348
37349
37350
37351
37352
37353
37354
37355
37356
37357
37358
37359
37360
37361
37362
37363
37364
37365
37366
37367
37368
37369
37370
37371
37372
37373
37374
37375
37376
37377
37378
37379
37380
37381
37382
37383
37384
37385
37386
37387
37388
37389
37485
37486
37487
37488
37489
37490
37491
37492
37493
37494
37495
37496
37497
37498
37499
37500
37501
37502
37503
37504
37505
37506
37507
37508
37509
37510
37511
37512
37513
37514
37515
37516
37517
37518
37519
37520
37521
37522
37523
37524
37525
37526
37527
37528
37529
37530
37531
37532
37533
37534
37535
37536
37537
37538
37539
37540
37541
37542
37543
37544
37545
37546
37547
37548
37549
37550
37551
37552
37553
37554
37555
37556
37557
37558
37559
37560
37561
37562
37563
37564
37565
37566
37567
37568
37569
37570
37571
37572
37573
37574
37575
37576
37577
37578
37579
37681
37683
37684
37685
37686
37687
37705
37706
37770
37771
37772
37773
37774
37775
37776
37777
37778
37779
37780
37781
37782
37783
37784
37785
37786
37787
37788
37789
37790
37791
37792
37793
37794
37795
37796
37797
37798
37799
37800
37801
37802
37803
37804
37805
37806
37807
37808
37809
37810
37811
37812
37813
37814
37815
37816
37817
37818
37819
37820
37821
37822
37823
37824
37825
37826
37827
37828
37829
37830
37831
37832
37833
37834
37835
37836
37837
37838
37839
37840
37841
37842
37843
37844
37845
37846
37847
37848
37849
37850
37851
37852
37853
37854
37855
37856
37857
37858
37859
37860
37861
37862
37863
37864
37868
37870
37871
37887
37888
37889
37890
37891
37892
37893
37894
37907
37908
37909
37910
37911
37912
37913
37923
37924
37925
37926
37927
37928
37937
37938
37939
37940
37941
37942
37943
37947
37948
37949
37950
37951
37955
37956
37957
37959
37963
37965
37966
37968
37969
37970
37971
37972
37973
37982
37983
37984
37985
37986
37987
37988
37989
37990
37991
37992
37993
38002
38003
38004
38005
38006
38007
38008
38009
38010
38018
38019
38020
38021
38022
38023
38024
38153
38155
38156
38157
38158
38159
38160
38161
38162
38163
38164
38165
38166
38172
38173
38174
38175
38176
38177
38178
38179
38180
38181
38182
38183
38184
38185
38192
38193
38194
38195
38196
38197
38198
38199
38200
38201
38202
38208
38209
38210
38211
38212
38213
38214
38215
38216
38217
38222
38223
38224
38225
38226
38227
38228
38229
38232
38233
38234
38235
38236
38237
38238
38239
38240
38241
38242
38243
38244
38343
38345
38346
38347
38348
38349
38350
38351
38352
38353
38354
38355
38356
38362
38363
38364
38365
38366
38367
38368
38369
38370
38371
38372
38373
38374
38375
38376
38377
38382
38383
38384
38385
38386
38387
38388
38389
38390
38391
38392
38393
38394
38395
38398
38399
38400
38401
38402
38403
38404
38405
38406
38407
38408
38409
38412
38413
38414
38415
38416
38417
38418
38419
38422
38423
38424
38425
38426
38427
38430
38431
38435
38436
38437
38438
38439
38440
38441
38442
38443
38444
38445
38446
38447
38448
38449
38450
38451
38452
38453
38454
38455
38456
38457
38458
38459
38460
38461
38462
38463
38464
38465
38466
38467
38468
38469
38470
38471
38472
38473
38474
38475
38476
38477
38478
38479
38480
38481
38482
38483
38484
38485
38486
38487
38488
38489
38490
38491
38492
38493
38494
38495
38496
38497
38498
38499
38500
38501
38502
38503
38504
38505
38506
38507
38508
38509
38510
38511
38512
38513
38514
38515
38516
38517
38518
38519
38520
38521
38522
38523
38524
38525
38526
38527
38528
38529
38818
38820
38821
38823
38824
38825
38826
38827
38828
38838
38839
38840
38841
38842
38843
38844
38845
38846
38847
38848
38857
38858
38859
38860
38861
38862
38863
38864
38865
38873
38874
38875
38876
38877
38878
38879
38887
38888
38889
38890
38899
39772
39773
39774
39775
39776
39777
39778
39796
39860
39861
39862
39863
39864
39865
39866
39867
39868
39869
39870
39871
39872
39873
39874
39875
39876
39877
39878
39879
39880
39881
39882
39883
39884
39885
39886
39887
39888
39889
39890
39891
39892
39893
39894
39895
39896
39897
39898
39899
39900
39901
39902
39903
39904
39905
39906
39907
39908
39909
39910
39911
39912
39913
39914
39915
39916
39917
39918
39919
39920
39921
39922
39923
39924
39925
39926
39927
39928
39929
39930
39931
39932
39933
39934
39935
39936
39937
39938
39939
39940
39941
39942
39943
39944
39945
39946
39947
39948
39949
39950
39951
39952
39953
39954
39955
39956
39957
39958
39959
39960
39961
39962
39963
39964
39965
39966
39967
39968
39969
39970
39971
39972
39973
39974
39975
39976
39977
39978
39979
39980
39981
39982
39983
39984
39985
39986
39987
39988
39989
39990
39991
39992
39993
39994
39995
39996
39997
39998
39999
40000
40001
40002
40003
40004
40005
40006
40007
40008
40009
40010
40011
40012
40013
40014
40015
40016
40017
40018
40019
40020
40021
40022
40023
40024
40025
40026
40027
40028
40029
40030
40031
40032
40033
40034
40035
40036
40037
40038
40039
40040
40041
40042
40043
40044
40045
40046
40047
40048
40049
40050
40051
40052
40053
40054
40055
40056
40057
40058
40059
40060
40061
40062
40063
40064
40065
40066
40067
40068
40069
40070
40071
40072
40073
40074
40075
40076
40077
40078
40079
40080
40081
40082
40083
40084
40085
40086
40087
40088
40089
40090
40091
40092
40093
40094
40095
40096
40097
40098
40099
40100
40101
40102
40103
40104
40105
40106
40107
40108
40109
40110
40111
40112
40113
40114
40115
40116
40117
40118
40119
40120
40121
40122
40123
40124
40125
40126
40127
40128
40129
40130
40131
40132
40133
40134
40135
40136
40137
40138
40139
40140
40141
40142
40143
40144
40240
40241
40242
40244
40247
40248
40249
40250
40251
40252
40253
40254
40255
40256
40257
40258
40259
40260
40261
40270
40271
40272
40273
40274
40275
40276
40277
40278
40279
40280
40281
40289
40290
40291
40292
40293
40294
40295
40296
40297
40305
40306
40307
40308
40309
40310
40311
40318
40319
40320
40321
40326
40327
40328
40329
40333
40337
40338
40339
40340
40341
40342
40343
40344
40345
40346
40347
40348
40349
40350
40351
40352
40353
40357
40358
40359
40360
40361
40362
40363
40364
40365
40366
40367
40368
40369
40370
40371
40372
40377
40378
40379
40380
40381
40382
40383
40384
40385
40386
40387
40388
40389
40393
40394
40395
40396
40397
40398
40399
40400
40401
40402
40408
40409
40410
40411
40412
40413
40419
40420
40430
40432
40436
40438
40440
40445
40449
40452
40453
40455
40459
40465
40468
40470
40473
40475
40476
40481
40483
40484
40488
40588
40589
40591
40592
40593
40594
40595
40596
40597
40598
40599
40600
40601
40602
40603
40604
40605
40606
40614
40615
40616
40617
40618
40619
40620
40621
40622
40623
40634
40635
40636
40637
40638
40639
40640
40650
40651
40652
40780
40781
40782
40783
40784
40785
40786
40787
40788
40789
40790
40791
40792
40793
40794
40796
40802
40803
40804
40805
40806
40807
40808
40809
40810
40811
40812
40813
40814
40815
40821
40822
40823
40824
40825
40826
40827
40828
40829
40830
40831
40832
40838
40839
40840
40841
40842
40843
40844
40845
40846
40851
40852
40853
40854
40855
40856
40862
40875
40876
40877
40878
40879
40880
40881
40882
40883
40884
40885
40886
40887
40888
40889
40894
40895
40896
40897
40898
40899
40900
40901
40902
40903
40904
40905
40906
40907
40908
40909
40914
40915
40916
40917
40918
40919
40920
40921
40922
40923
40924
40925
40926
40930
40931
40932
40933
40934
40935
40936
40937
40938
40939
40940
40944
40945
40946
40947
40948
40949
40950
40951
40954
40955
40956
40957
40958
40959
40963
40964
40989
41062
41063
41064
41065
41066
41067
41068
41069
41070
41071
41073
41074
41075
41076
41077
41078
41079
41080
41081
41082
41083
41084
41085
41086
41087
41088
41089
41090
41091
41092
41093
41094
41095
41096
41097
41098
41099
41100
41101
41102
41103
41104
41105
41106
41107
41108
41109
41110
41111
41112
41113
41114
41115
41116
41117
41118
41119
41120
41121
41122
41123
41124
41125
41126
41127
41128
41129
41130
41131
41132
41133
41134
41135
41136
41137
41138
41139
41140
41141
41142
41143
41144
41145
41146
41147
41148
41149
41150
41151
41152
41153
41154
41155
41156
41157
41158
41159
41161
41172
41173
41174
41175
41176
41177
41178
41193
41194
41195
41196
41197
41198
41211
41212
41213
41214
41225
41226
41227
41228
41237
41238
41246
41255
41257
41258
41259
41260
41261
41262
41263
41264
41265
41266
41279
41280
41281
41282
41283
41284
41285
41300
41301
41302
41347
41367
41368
41369
41370
41386
41387
41388
41389
41390
41402
41403
41404
41405
41406
41407
41415
41416
41417
41418
41419
41420
41421
41425
41426
41427
41428
41429
41430
41431
41432
41433
41434
41435
41436
41437
41438
41439
41440
41441
41442
41443
41444
41445
41446
41447
41448
41449
41450
41451
41452
41453
41454
41455
41456
41457
41458
41459
41460
41461
41462
41463
41464
41465
41466
41467
41468
41469
41470
41471
41472
41473
41474
41475
41476
41477
41478
41479
41480
41481
41482
41483
41484
41485
41486
41487
41488
41489
41490
41491
41492
41493
41494
41495
41496
41497
41498
41499
41500
41501
41502
41503
41504
41505
41506
41507
41508
41509
41510
41511
41512
41513
41514
41515
41516
41517
41518
41519
41520
41521
41522
41523
41524
41525
41526
41527
41528
41529
41530
41531
41532
41533
41534
41535
41536
41540
41542
41543
41545
41546
41559
41560
41561
41562
41563
41564
41565
41566
41567
41579
41580
41581
41582
41583
41584
41585
41586
41595
41596
41597
41598
41599
41600
41601
41602
41609
41610
41611
41612
41613
41619
41620
41621
41632
41653
41673
41727
41728
41729
41731
41732
41733
41734
41735
41736
41737
41738
41739
41740
41741
41742
41743
41744
41745
41746
41747
41748
41754
41755
41756
41757
41758
41759
41760
41761
41762
41763
41764
41765
41766
41767
41768
41774
41775
41776
41777
41778
41779
41780
41781
41782
41783
41784
41790
41791
41792
41793
41794
41795
41796
41797
41798
41802
41803
41804
41805
41806
41807
41808
41811
41812
41813
41814
41815
41816
41817
41818
41819
41820
41911
41915
41916
41917
41918
41919
41920
41921
41922
41923
41924
41925
41926
41927
41928
41929
41930
41931
41932
41933
41934
41935
41936
41937
41938
41939
41940
41941
41942
41943
41944
41945
41946
41947
41948
41949
41950
41951
41952
41953
41954
41955
41956
41957
41958
41959
41960
41961
41962
41963
41964
41965
41966
41967
41968
41969
41970
41971
41972
41973
41974
41975
41976
41977
41978
41979
41980
41981
41982
41983
41984
41985
41986
41987
41988
41989
41990
41991
41992
41993
41994
41995
41996
41997
41998
41999
42000
42001
42002
42003
42004
42005
42006
42007
42008
42009
42010
42011
42107
42108
42109
42110
42111
42112
42113
42114
42120
42121
42122
42123
42124
42125
42126
42127
42128
42129
42130
42131
42132
42133
42134
42135
42136
42137
42139
42140
42141
42142
42143
42144
42145
42146
42147
42148
42149
42150
42151
42152
42153
42154
42155
42156
42157
42158
42159
42160
42161
42162
42163
42164
42165
42166
42167
42168
42169
42170
42171
42172
42173
42174
42175
42176
42177
42178
42179
42180
42181
42182
42183
42184
42185
42186
42187
42188
42189
42190
42191
42192
42193
42194
42195
42196
42197
42198
42199
42200
42201
42202
42203
42204
42206
42209
42211
42212
42213
42214
42215
42216
42217
42218
42219
42220
42221
42222
42223
42233
42236
42237
42238
42240
42241
42242
42243
42257
42392
42393
42394
42396
42399
42400
42401
42402
42403
42404
42405
42406
42407
42408
42409
42410
42411
42412
42413
42422
42423
42424
42425
42426
42427
42428
42429
42430
42431
42432
42433
42441
42442
42443
42444
42445
42446
42447
42448
42449
42487
42488
42489
42491
42494
42499
42500
42501
42502
42503
42504
42505
42506
42507
42508
42520
42521
42522
42523
42524
42525
42526
42527
42528
42537
42538
42539
42540
42541
42542
42543
42544
42551
42552
42553
42554
42555
42556
42557
42558
42562
42563
42564
42565
42566
42567
42568
42570
42571
42572
42573
42574
42575
42576
42577
42578
42579
42580
42581
42677
42678
42679
42681
42683
42684
42685
42686
42687
42688
42689
42690
42691
42692
42693
42694
42695
42696
42697
42698
42705
42706
42707
42708
42709
42710
42711
42712
42713
42714
42715
42716
42717
42718
42724
42725
42726
42727
42728
42729
42730
42731
42732
42733
42734
42740
42741
42742
42743
42744
42745
42746
42747
42748
42753
42754
42755
42756
42757
42758
43057
43058
43059
43060
43061
43062
43063
43064
43065
43066
43067
43068
43069
43070
43071
43072
43073
43074
43075
43076
43077
43078
43079
43080
43081
43082
43083
43084
43085
43086
43087
43088
43089
43090
43091
43092
43093
43094
43095
43096
43097
43098
43099
43100
43101
43102
43103
43104
43105
43106
43107
43108
43109
43110
43111
43112
43113
43114
43115
43116
43117
43118
43119
43120
43121
43122
43123
43124
43125
43126
43127
43128
43129
43130
43131
43132
43133
43134
43135
43136
43137
43138
43139
43140
43141
43142
43143
43144
43145
43146
43147
43148
43149
43150
43151
43247
43248
43249
43250
43251
43252
43253
43254
43255
43256
43257
43258
43259
43260
43261
43262
43263
43264
43265
43266
43267
43268
43269
43270
43271
43272
43273
43274
43275
43276
43277
43278
43279
43280
43281
43282
43283
43284
43285
43286
43287
43288
43289
43290
43291
43292
43293
43294
43295
43296
43297
43298
43299
43300
43301
43302
43303
43304
43305
43306
43307
43308
43309
43310
43311
43312
43313
43314
43315
43316
43317
43318
43319
43320
43321
43322
43323
43324
43325
43326
43327
43328
43329
43330
43331
43332
43333
43334
43335
43336
43337
43338
43339
43340
43341
43443
43445
43446
43447
43448
43449
43467
43468
43532
43533
43534
43535
43536
43537
43538
43539
43540
43541
43542
43543
43544
43545
43546
43547
43548
43549
43550
43551
43552
43553
43554
43555
43556
43557
43558
43559
43560
43561
43562
43563
43564
43565
43566
43567
43568
43569
43570
43571
43572
43573
43574
43575
43576
43577
43578
43579
43580
43581
43582
43583
43584
43585
43586
43587
43588
43589
43590
43591
43592
43593
43594
43595
43596
43597
43598
43599
43600
43601
43602
43603
43604
43605
43606
43607
43608
43609
43610
43611
43612
43613
43614
43615
43616
43617
43618
43619
43620
43621
43622
43623
43624
43625
43626
43630
43632
43633
43649
43650
43651
43652
43653
43654
43655
43656
43669
43670
43671
43672
43673
43674
43675
43685
43686
43687
43688
43689
43690
43691
43699
43700
43701
43702
43703
43704
43705
43709
43710
43711
43712
43713
43717
43718
43719
43721
43725
43727
43728
43730
43731
43732
43733
43734
43735
43744
43745
43746
43747
43748
43749
43750
43751
43752
43753
43754
43755
43764
43765
43766
43767
43768
43769
43770
43771
43772
43780
43781
43782
43783
43784
43785
43786
43915
43917
43918
43919
43920
43921
43922
43923
43924
43925
43926
43927
43928
43934
43935
43936
43937
43938
43939
43940
43941
43942
43943
43944
43945
43946
43947
43954
43955
43956
43957
43958
43959
43960
43961
43962
43963
43964
43970
43971
43972
43973
43974
43975
43976
43977
43978
43979
43984
43985
43986
43987
43988
43989
43990
43991
43994
43995
43996
43997
43998
43999
44000
44001
44002
44003
44004
44005
44006
44105
44107
44108
44109
44110
44111
44112
44113
44114
44115
44116
44117
44118
44124
44125
44126
44127
44128
44129
44130
44131
44132
44133
44134
44135
44136
44137
44138
44139
44144
44145
44146
44147
44148
44149
44150
44151
44152
44153
44154
44155
44156
44157
44160
44161
44162
44163
44164
44165
44166
44167
44168
44169
44170
44171
44174
44175
44176
44177
44178
44179
44180
44181
44182
44184
44185
44186
44187
44188
44189
44192
44193
44194
44197
44198
44199
44200
44201
44202
44203
44204
44205
44206
44207
44208
44209
44210
44211
44212
44213
44214
44215
44216
44217
44218
44219
44220
44221
44222
44223
44224
44225
44226
44227
44228
44229
44230
44231
44232
44233
44234
44235
44236
44237
44238
44239
44240
44241
44242
44243
44244
44245
44246
44247
44248
44249
44250
44251
44252
44253
44254
44255
44256
44257
44258
44259
44260
44261
44262
44263
44264
44265
44266
44267
44268
44269
44270
44271
44272
44273
44274
44275
44276
44277
44278
44279
44280
44281
44282
44283
44284
44285
44286
44287
44288
44289
44290
44291
44580
44582
44583
44585
44586
44587
44588
44589
44590
44600
44601
44602
44603
44604
44605
44606
44607
44608
44609
44619
44620
44621
44622
44623
44624
44625
44626
44635
44636
44637
44638
44639
44640
44641
44649
44650
44651
44652
44662
45534
45535
45536
45537
45538
45539
45558
45622
45623
45624
45625
45626
45627
45628
45629
45630
45631
45632
45633
45634
45635
45636
45637
45638
45639
45640
45641
45642
45643
45644
45645
45646
45647
45648
45649
45650
45651
45652
45653
45654
45655
45656
45657
45658
45659
45660
45661
45662
45663
45664
45665
45666
45667
45668
45669
45670
45671
45672
45673
45674
45675
45676
45677
45678
45679
45680
45681
45682
45683
45684
45685
45686
45687
45688
45689
45690
45691
45692
45693
45694
45695
45696
45697
45698
45699
45700
45701
45702
45703
45704
45705
45706
45707
45708
45709
45710
45711
45712
45713
45714
45715
45716
45717
45718
45719
45720
45721
45722
45723
45724
45725
45726
45727
45728
45729
45730
45731
45732
45733
45734
45735
45736
45737
45738
45739
45740
45741
45742
45743
45744
45745
45746
45747
45748
45749
45750
45751
45752
45753
45754
45755
45756
45757
45758
45759
45760
45761
45762
45763
45764
45765
45766
45767
45768
45769
45770
45771
45772
45773
45774
45775
45776
45777
45778
45779
45780
45781
45782
45783
45784
45785
45786
45787
45788
45789
45790
45791
45792
45793
45794
45795
45796
45797
45798
45799
45800
45801
45802
45803
45804
45805
45806
45807
45808
45809
45810
45811
45812
45813
45814
45815
45816
45817
45818
45819
45820
45821
45822
45823
45824
45825
45826
45827
45828
45829
45830
45831
45832
45833
45834
45835
45836
45837
45838
45839
45840
45841
45842
45843
45844
45845
45846
45847
45848
45849
45850
45851
45852
45853
45854
45855
45856
45857
45858
45859
45860
45861
45862
45863
45864
45865
45866
45867
45868
45869
45870
45871
45872
45873
45874
45875
45876
45877
45878
45879
45880
45881
45882
45883
45884
45885
45886
45887
45888
45889
45890
45891
45892
45893
45894
45895
45896
45897
45898
45899
45900
45901
45902
45903
45904
45905
45906
46002
46003
46004
46006
46009
46010
46011
46012
46013
46014
46015
46016
46017
46018
46019
46020
46021
46022
46023
46033
46034
46035
46036
46037
46038
46039
46040
46041
46042
46043
46052
46053
46054
46055
46056
46057
46058
46059
46067
46068
46069
46070
46071
46072
46073
46080
46081
46082
46083
46088
46089
46090
46091
